Step: 2
State: 2
Natoms: 3
Ekin:   0.0014299213
Epot: -75.3860244554
Etot: -75.3845945342
Etot_init: -75.3845904488
Pot_eners_array:
      -75.6353832151       -75.5464613900       -75.3849531017
      -75.6355456807       -75.5464095687       -75.3860244554
