Step: 6
State: 2
Natoms: 3
Ekin:   0.0114250114
Epot: -75.3960449055
Etot: -75.3846198941
Etot_init: -75.3845904484
Pot_eners_array:
-75.6362638813 -75.5456679027 -75.3928720839
-75.6363797960 -75.5450459200 -75.3960449055
