Step: 1
State: 2
Natoms: 3
Ekin:   0.0003616117
Epot: -75.3849531017
Etot: -75.3845914900
Etot_init: -75.3845904480
Pot_eners_array:-75.63533 -75.54648 -75.38459
-75.63538 -75.54646 -75.38495
Step: 2
State: 2
Natoms: 3
Ekin:   0.0014299213
Epot: -75.3860244554
Etot: -75.3845945342
Etot_init: -75.3845904480
Pot_eners_array:-75.63538 -75.54646 -75.38495
-75.63555 -75.54641 -75.38602
Step: 3
State: 2
Natoms: 3
Ekin:   0.0031567057
Epot: -75.3877560257
Etot: -75.3845993199
Etot_init: -75.3845904480
Pot_eners_array:-75.63555 -75.54641 -75.38602
-75.63578 -75.54629 -75.38776
