Step: 6
State: 2
Natoms: 3
Ekin:   0.0114250114
Epot: -75.3960449055
Etot: -75.3846198941
Etot_init: -75.3845904484
Pot_eners_array:
-75.63626 -75.54567 -75.39287
-75.63638 -75.54505 -75.39604
