Step:  3.0000
TimeStep:  3.0000
State: 2
Natoms: 3
Ekin: 0.003156705709275253
Epot: -75.38775602565
Etot: -75.38459931994073
Etot_init: -75.384590448012
Pot_eners_array:-75.63555 -75.54641 -75.38602
-75.63578 -75.54629 -75.38776
